4
[[1,2],[4,3],[3,6],[6,7]]
12

4
[[3,2],[4,3],[5,3],[6,7]]
10

8
[[1,2],[4,3],[3,6],[6,7],[3,2],[4,3],[5,3],[4,5]]
20

1
[[3,5]]
2

1
[[3,5]]
10

16
[[1,2],[4,3],[3,6],[6,7],[3,2],[4,3],[5,3],[6,5],[2,1],[3,4],[6,3],[7,6],[2,3],[3,1],[3,5],[6,9]]
25

5
[[9,6],[4,8],[6,3],[6,7],[4,5]]
20

3
[[4,3],[5,3],[6,7]]
10

10
[[3,2],[9,3],[5,6],[6,7],[4,2],[4,3],[5,3],[7,6],[1,3],[1,2]]
24

8
[[1,2],[8,6],[5,6],[6,5],[3,1],[4,3],[5,3],[6,8]]
18

5
[[2,2],[4,3],[6,3],[6,4],[5,2]]
12

11
[[3,2],[2,3],[5,6],[9,7],[3,3],[4,3],[5,3],[6,7],[3,1],[7,6],[8,7]]
30