5
[[3,6],[9,8],[6,3],[6,4],[4,5]]
18

3
[[7,3],[9,3],[6,7]]
10

10
[[9,2],[6,3],[6,6],[6,7],[4,2],[4,1],[8,3],[7,6],[1,3],[2,1]]
26

8
[[2,2],[8,6],[7,6],[6,5],[5,1],[2,3],[5,4],[6,7]]
19

5
[[3,2],[4,2],[1,3],[7,4],[5,3]]
15

11
[[4,2],[3,3],[8,6],[9,7],[2,3],[4,3],[5,4],[6,5],[3,2],[8,6],[8,5]]
32

4
[[1,2],[5,4],[5,6],[8,7]]
12

4
[[3,3],[5,3],[6,3],[8,7]]
9

8
[[1,2],[5,3],[4,6],[7,7],[6,2],[4,2],[8,4],[6,5]]
23

1
[[4,3]]
2

1
[[9,10]]
10

16
[[2,2],[5,3],[2,4],[5,5],[4,2],[2,1],[4,1],[8,4],[7,3],[6,4],[6,6],[7,4],[3,6],[1,9],[6,9],[9,6]]
35